0.585783547636223
0.0854017063572356
0.498156868580437
0.122740093542326
0.107797663364603
0.346813330297507
0.423889017571113
0.301605760634236
0.141106377450327
0.301069209076905
0.824169216864314
0.139006653759808
0.622880975455944
0.0432701666770044
0.474553537605522
0.511440255589624
0.00185689781956170
0.0782197544831498
0.256566225914237
0.551213069855510
0.853112993459516
0.534930727465165
0.784803111670751
0.0788125741805045
0.545089159456021
0.246458749656360
0.281814433860930
0.877898368227889
0.953197112066030
0.997257545843196
0.319313711041194
0.961878341829715
0.192306779856757
0.966761274360828
0.157596238363811
0.838556503096452
0.407469579371726
0.251683861890660
0.178109617901379
0.730546980584828
0.627665171808858
0.497974354765259
0.757221952842752
0.529622915608131
0.101921040028597
0.0675436568941059
0.285835040531436
0.404534882154642
0.363505320676908
0.546686930044806
0.0105086957190589
0.0905693586243545
0.703493594979291
0.118341323064969
0.0391653786233399
0.918693466196143